timestamp,time,author,message
1551358219648358,0:43,StarManRSA,Audio?
1551358292208500,1:56,Chris Bard,​Audio?
1551358301572744,2:05,StarManRSA,No audio
1551358310865616,2:14,Brenda Hughes,no sound!
1551358341405209,2:44,StarManRSA,Who is the witness?
1551358346888069,2:51,M T,Suits me / With this Aunty 🤣
1551358367293681,3:11,StarManRSA,Agreed. This isn't the best advocate on the team.
1551358373157201,3:16,Thabang M,sound please!!!
1551358378396728,3:22,Johan Van de merwe,sound ?
1551358379470423,3:23,0Sweetgal0,no sound
1551358380500319,3:24,wendy hardy,"Sound,"
1551358405476767,3:48,Felix Muyoba,sound
1551358407843901,3:51,Big vinny,in comes General Sphiwe Nyanda
1551358410840495,3:54,M T,No “Men’s Shirt” today? Forget the chaps name who was so concerned about her attire 🤣
1551358413918475,3:57,Viktombi,No Sound?????
1551358414444158,3:57,Lucky123 Thwala,sound mani
1551358451968438,4:35,StarManRSA,ANC procured another R8mil jammer for R45mil 😉
1551358453146280,4:36,M T,# SABCNews Wakey Wakey 😴😴😴
1551358459260643,4:43,StarManRSA,Only a sound jammer
1551358468661592,4:52,John Lepota,I thought it's my pc
1551358481340055,5:05,M T,#Dylan 😬
1551358488415535,5:12,PETER STAFFEN,sound please
1551358490283709,5:14,Caweni Dombo,No sound whatapp?
1551358501561578,5:25,StarManRSA,To turn the sound on you must press alt + F4
1551358527731378,5:51,Sipho Mnyakeni,"PLEASE DONT PLRESS AL f4, THAT WILL CLOSE THE WINDOW ....DYLAN GO PLAY ELSEWHERE"
1551358534789734,5:58,M T,Who’s that in the Hot Seat please?
1551358536786041,6:00,StarManRSA,😀
1551358540118876,6:03,Cassius Mngomezulu,SOUND PLEASE
1551358545268772,6:09,Lizette van Greunen,sound please?
1551358557388395,6:20,StarManRSA,Alt + F4 for sound.
1551358562848428,6:27,Michael Michael,General Simphiwe Nyanda
1551358572902157,6:36,0Sweetgal0,SABC PLEASE SOUND
1551358581901862,6:45,M T,"Dylan 🤣🤣🤣 On cellphone, bro 😂"
1551358584937857,6:48,Joseph Makofane,"tjo, what happen to sound?"
1551358594048835,6:57,StarManRSA,@Moira T Hahahahahahahahah!!!!
1551358603380813,7:07,M T,#Michael 👍🏻 Ta
1551358607563030,7:11,Mkhululi Ncube,NO SOUND
1551358615769428,7:20,Thelsa,The sound has been captured 😀
1551358621950831,7:26,Tebogo Prince Muavha,Sound
1551358626593598,7:30,Xolisa Rangana,.
1551358633086666,7:36,John Fagan,LOL
1551358639522269,7:43,John Fagan,HELLO GUYS
1551358642379104,7:46,StarManRSA,@Thelsa 😂
1551358644400261,7:48,M T,#Thelsa - Not an impossibility 😉
1551358653373084,7:57,Kopanotj Molele,What happened to sound?
1551358659259575,8:02,Lucky123 Thwala,sabc
1551358679532863,8:23,Dominic Przybylski,The witness has been silenced by SABC
1551358680558487,8:24,Caweni Dombo,alt f4 se dinges
1551358686249021,8:29,Yvonne Morudu,what is wrong with sabc cant someone report this please
1551358690642935,8:34,Peet Venter,"@john fagan, sorry, we can't hear you"
1551358697748393,8:41,Mfundo Veerasamy,"@Dylan Burden, YOU DID A+ AND N+ IN A TVET COLLEGE, TELLING US ABOUT ALT+F4"
1551358700157161,8:44,Trevor mokobake,SABC sound please
1551358704248581,8:47,Norman Zwane,@John Fagan How are you able to say Hello Guys with no sound. Why dont you wave hello?
1551358709510986,8:53,wendy hardy,What is wrong with you sabc.....fix the sound!
1551358722253984,9:05,M T,Live Chat vs Lip Reading 🧐
1551358733946289,9:19,Danny Morobane,Eish sabc you not broadcasting and now not giving us sound really
1551358738072849,9:23,Dominic Przybylski,What's right with SABC?
1551358742821754,9:29,John Fagan,LOL
1551358745254111,9:31,Thelsa,They are preparing us for World Hearing Day: 3 March 2019.😁
1551358749121155,9:34,M T,👋🏻
1551358753207701,9:38,John Fagan,H E L L O
1551358755381060,9:41,John Fagan,lol
1551358762933898,9:48,lincoln maphoto,i cant hear a thing is my laptop having a problem perhabs
1551358766385329,9:52,StarManRSA,"@Mfundo Veerasamy hahaha...Close, but it was IT sys dev, and IT database dev"
1551358767144396,9:52,Norman Zwane,d chap is on extended
1551358767480387,9:53,John Fagan,WAVE WAVE
1551358806063399,10:32,Mfundo Veerasamy,@ Dylan Burden LOL I WAS JUST PULLING YOUR LEG
1551358814529424,10:40,StarManRSA,😉
1551358823314555,10:49,M T,Minister of Communications? OMFffffloppy hat 😱😱😱
1551358823900899,10:49,Felix Muyoba,the gentleman seems to be a tired man from his looks
1551358848209829,11:14,StarManRSA,This lady and her filing.
1551358853329750,11:19,Mfundo Veerasamy,THIS ONE IS A CADRE
1551358929597303,12:35,M T,How do these individuals get elected? Other than being Cadres? 🤨
1551358938889759,12:44,Mfundo Veerasamy,"@ psyfrequency Techno, LMFAS, KWAAAAAAAAAAAAAAAAAAAA"
1551358957152828,13:02,welton paulse,"Mara eish, this lady again."
1551358988443261,13:34,Felix Muyoba,@welton paulse perhaps she has improved now..
1551358999314674,13:45,Thelsa,"Genl. Siphiwe Nyanda, Exminister & ANC veteran"
1551359010831953,13:57,StarManRSA,You can tell this guy is going to have a very bad memory
1551359019100764,14:04,M T,🤡
1551359036820638,14:22,M T,#Dylan 🎯🎯🎯
1551359081847873,15:08,welton paulse,"@Felix Muyoba, you are right, lets give her the benefit of the doubt"
1551359094504486,15:20,Lucky123 Thwala,who's grandfather is this?
1551359102482467,15:28,Michael Michael,he must be
1551359109643142,15:35,Felix Muyoba,@psyfrequency Techno he is just tired..these guys should move out and leave these things for the youth
1551359132497594,15:58,Joel Mzayidume,Hello all. who's this witness
1551359134710125,16:00,Michael Michael,you will be one not long.
1551359147713527,16:13,Felix Muyoba,@psyfrequency Techno agree
1551359154288121,16:20,StarManRSA,Yussus my ears.
1551359174633329,16:40,Michael Michael,sound is crazy
1551359214448391,17:20,M T,No wax left in my ears - fo sho 😳
1551359216528653,17:22,Sicelo Mkhize,this guy has a puza face
1551359231225226,17:36,Felix Muyoba,@Moira T hahaha
1551359243235823,17:49,Dominic Przybylski,Decent volume. Keep it up SABC
1551359258810555,18:04,Lucky123 Thwala,spill the beans Baba we are tired of history.
1551359277367601,18:23,Tebogo Prince Muavha,i have pressed ALT + F4 for you. thats the reason sound got loader
1551359278323303,18:24,M T,"Don’t think he’s slept it off, either! #Sicelo"
1551359304329575,18:50,Felix Muyoba,@Dylan Burden adjust the volume below 10 db
1551359346311271,19:31,Joel Mzayidume,how old is this chap
1551359369362064,19:55,Lucky123 Thwala,Razz Matazz
1551359371345165,19:56,StarManRSA,"@Felix Muyoba thanks man, you saved my life."
1551359371552713,19:57,Michael Michael,Muavha rolivhuwa
1551359371659967,19:57,Felix Muyoba,but why did he agree to go to saxonworld then if he was upset about the news the guptas?
1551359395837000,20:21,M T,#goolamv - Nah men - don’t do thet theng mahn - I didn’t recognaaz you! 🤪
1551359396699320,20:22,R R,exactly Felix
1551359415173977,20:41,Sicelo Mkhize,@Moira T I thought I was the only one who sees this lol...
1551359430739442,20:56,M T,😬
1551359463413878,21:29,StarManRSA,Why do MPs not want McBride's contract renewed?
1551359467032791,21:33,Suzanne,There are loads of articles published in 2017 with tears make the news...
1551359467868315,21:34,M T,Orrdaa 🤡
1551359514005748,22:19,Michael Michael,Burden bcz he want to do things ryt wy
1551359521958095,22:27,M T,#Dylan - So that they may continue - unabated - me thinks.
1551359550451359,22:56,Sicelo Mkhize,No!! Zondo let him finish you were in Durban yah.....
1551359556336308,23:02,StarManRSA,"@Michael Michael @Moira T while i understand that, did they not provide reasoning as to why? I know it's controversial."
1551359557918336,23:03,Felix Muyoba,if mbalula was clean he should have refused to be called to the gupta residences but the fact that he agreed to go there then he was part of the guptas
1551359559785885,23:06,M T,#Michael 🎯
1551359564986488,23:10,Joel Mzayidume,Why are we made to listen to this garbage?
1551359596286511,23:42,Lucky123 Thwala,Michael Masutha= Gavin Watson.
1551359601833659,23:47,StarManRSA,"I know about the grabber, but is that a part of his mandate? Is that the only reason ANC does not want McBride?"
1551359630139333,24:15,StarManRSA,Fmr Minister Siphiwe spilt mustard on his tie.
1551359632246201,24:18,M T,"#Dylan, they may well have - I may have “Switched Off” - Know What I mean 😉"
1551359658101147,24:43,StarManRSA,@Moira T I just don't want to wait 3 years to find out 😞
1551359676582005,25:02,Lucky123 Thwala,what is the deferent between crying load and tears.
1551359684136880,25:10,Michael Michael,they suppose too.problem is that 20 people take decision for 50m.and they dont care.dont forget Minister Cele also not that clin.
1551359714848611,25:40,M T,Totally agree 😉
1551359730493074,25:56,Joel Mzayidume,mbalula the cry baby
1551359743296336,26:08,StarManRSA,"Yes, the problems with our democratic system, and unequal education throughout the country."
1551359755525708,26:21,M T,"They made him remove his tie - in case he ducks to the bathroom, for too long 😬"
1551359771886218,26:37,The Vuka Experience,Guys I missed Trevor Manuela testimony! Is it worth watching again?
1551359778662467,26:44,StarManRSA,@Moira T 😱🤣
1551359786016010,26:51,The Vuka Experience,Typo😂
1551359818607384,27:24,StarManRSA,"@King Vuka no, just read about it in the papers tonight. It was an interesting conversation though. Watch the last 45 mins."
1551359825921808,27:31,M T,King Vuka - He was in Automatic 😬
1551359828076261,27:33,Felix Muyoba,@King Vuka very boring testimony personally
1551359830818957,27:36,Michael Michael,Vuka not much of him dont warie.similar no baba othethayo ngoku
1551359834254984,27:39,Lungisani Ntshonga,@Moira T🤣🤣🤣
1551359889786541,28:36,The Vuka Experience,"Ok thanks guys. I don’t like Trevor much, he is it credible. Andithi his wife manipulated the rand? He too has A LOT of scandals. I’ll read up on it!"
1551359906509005,28:52,StarManRSA,"Yoh, so this guy is disgruntled. He must Agrizzi them!"
1551359906766693,28:52,Joel Mzayidume,@King Vuka today we have garbage testimonials. nothing to even read about. these old men don't even remember what they're talking about
1551359929527787,29:15,The Vuka Experience,Meant to say “he is NOT credible” so many typos haha
1551359931298866,29:17,StarManRSA,"Yes, let's wait for Mbalula."
1551359931939208,29:18,Sherlock Nkuna,"Any sugar mama here, looking for black 29 fresh boy? I am here"
1551359935756117,29:21,Michael Michael,Vuka agree
1551359960770989,29:46,Felix Muyoba,@Dylan Burden yessss
1551359965677089,29:51,StarManRSA,@Sherlock Bukuta Nkuna download tinder. Or even better - grindr 😀
1551359992632547,30:18,Sherlock Nkuna,@Dylan Burden thanks i will
1551359997673216,30:23,The Vuka Experience,"@Sherlock Butuka Nkuna at 29 you are not fresh, your back is giving up 😂"
1551360008713916,30:34,StarManRSA,@King Vuka 😂😂😂
1551360011941489,30:38,M T,The chick talking now - Sherlock 🤣
1551360033501573,30:59,Ayabulela kolyt,just recently got in here watching from work
1551360033762672,30:59,Sherlock Nkuna,lolest
1551360045397174,31:10,Felix Muyoba,@King Vuka true..at that age you know a lot already..
1551360063372408,31:29,Suzanne,Is this guy a skelm?
1551360071264327,31:36,The Vuka Experience,@Felix Muyoba yes haha at 29 even 1 round is a lot 😂😂
1551360079412563,31:45,Felix Muyoba,@Suzanne Saunders hahaha
1551360091516515,31:57,StarManRSA,@Suzanne Saunders he lost his cabinet position when Mbalula got his position through the guptas. Seems he might be disgruntled.
1551360100573284,32:06,The Vuka Experience,I like that it’s so chilled at the moment. No heated debates or politics 😩
1551360104499046,32:10,Sherlock Nkuna,"Lol, I still go for 10 mins atleast on that one round"
1551360105125775,32:10,Suzanne,Aaaaah
1551360119247232,32:25,StarManRSA,@Sherlock Bukuta Nkuna no need to brag bruh.
1551360123842894,32:29,Sherlock Nkuna,@Moira T help
1551360134127303,32:39,M T,Info overload 🤦🏼‍♀️
1551360135637662,32:41,Suzanne,I kinda missed the plot on this one.
1551360147085463,32:53,The Vuka Experience,@Sherlock Butuka Nkuna yhooo 10 mins? Do you take a break in between?
1551360169714614,33:15,Felix Muyoba,@John James mbalula not mbulula
1551360173860020,33:19,Suzanne,I love listening to this stuff cause i get to see some people's true colours and agendas. we also get to learn exactly how this government is built!
1551360179279961,33:25,M T,I think he’s still busy digging “his plot” #Suzanne
1551360190429608,33:36,The Vuka Experience,@Felix Muyoba 😂😂😂
1551360221348402,34:06,StarManRSA,Fokulilela Mbolula
1551360233100686,34:18,Felix Muyoba,@John James no man..are you a true african?
1551360239511235,34:25,M T,Suzanne - They didn’t build - the broke it FUp 😱
1551360250581637,34:36,Fils de l'homme,are there any btfl Bantu girls?
1551360292705605,35:18,M T,John 🤣 Whatya have with that 🍺?
1551360295617561,35:21,Fils de l'homme,I saw a btfl caucasian girl in Pietersberg
1551360304847193,35:30,Suzanne,i dont mean built like develop etc. goodness no some will be famous for breaking lives! I meant how this goverment and politics etc are put together and how actions are intertwined etc.
1551360318586424,35:44,The Vuka Experience,"@Fils de l’homme just say “black”, there is nothing wrong with saying black. Bantu is not a term of endearment."
1551360366248338,36:32,Suzanne,i wonder how these skelms can look their children in the eye... knowing they destroyed lives!! they should die of shame after they pay the money back...
1551360372565943,36:38,StarManRSA,"No guys, that Fils guy is a troll, bating people into hatred. Please just block. The conversation was pleasant before him."
1551360377502657,36:43,Fils de l'homme,@King Vuka Bantu is the Appropriate term
1551360390389991,36:55,M T,#King - You’re wasting your time - Fils lift doesn’t go to the top floor!
1551360406461712,37:11,Fils de l'homme,@John James hav u been to Pietersburg?
1551360454203010,37:59,M T,#Suzanne - Easy - No integrity or conscience.
1551360475276185,38:20,The Vuka Experience,"@Fils de l’homme let’s not take this thread to the gutter. Please call us black, not Bantu. You don’t get to decide what is appropriate on this one. Please fam, this thread has been cool so far"
1551360486438579,38:32,Sofia Sofia,This Adv again ....?
1551360490914921,38:36,The Vuka Experience,@Moira T Eish I see that fam
1551360496106905,38:42,Sofia Sofia,Ok let me give her a chance
1551360510704921,38:56,StarManRSA,@King Vuka you're wasting your time. Just block.
1551360532595886,39:18,Fils de l'homme,@John James yea that is the school where those children murdered the young man
1551360540745576,39:26,The Vuka Experience,@Dylan Burden Eish seems like it fam.
1551360544316486,39:30,Fils de l'homme,@King Vuka I dont see colour
1551360577586793,40:03,Fils de l'homme,@King Vuka do u live in Pietersburg?
1551360580835430,40:06,M T,Whip Fils away 👏🏻
1551360586096473,40:11,Myka'Al Daud,"In democracy we must exercise our power to vote out,troubled party than sit and use state money to sort out their factional battle."
1551360600773088,40:26,Richardt Human,But there was a vote of no confidence in JZ and they all voted for him.
1551360615701102,40:41,The Vuka Experience,"@Fils de l’homme isn’t “Bantu” black which is colour? Stop bro! And no, I live in the W. cape"
1551360620310064,40:45,StarManRSA,"@Planeless Pilot yip, eve CR."
1551360647079509,41:12,The Vuka Experience,Ok I’m out. Back to work! Take care guys 💪🏾👍🏾
1551360654955880,41:20,Fils de l'homme,@King Vuka Bantu is more cultural classification and not racial
1551360686657412,41:52,Fils de l'homme,@John James those must hav been the best days of your life. I love Pietersburg
1551360690219532,41:56,Felix Muyoba,@John James no man Pietersburg English Medium Primary School?
1551360705163633,42:11,Sofia Sofia,Who was the person or persons that introduced Guptas to JZ ?
1551360743828442,42:49,M T,Cheers King
1551360772196932,43:17,M T,Also a toppie 🤗
1551360781566432,43:27,Myka'Al Daud,"It won't happen again when voters do the right thing.This talks won't stop corruption,voters it is in your hand that this doesn't happen again"
1551360796528903,43:42,Fils de l'homme,@John James we need to rebuild it
1551360811770980,43:57,Sthakathi Khumalo,Mkgoro is done where are we here?? Who is this clown??
1551360817265683,44:03,Felix Muyoba,@John James but your grammatical errors say otherwise..
1551360827542282,44:13,Fils de l'homme,@John James still at capricorn?
1551360833818153,44:19,Richardt Human,To afraid to be demoted and therefore did not discuss in the NEC - CR included
1551360838791430,44:25,Sthakathi Khumalo,Siphiwe Nyanda!!
1551360842931408,44:28,makhosi nobhatyi,There were too scared to spell the beans
1551360844596614,44:30,Robert Russell,@John James did you go to the high school s well?
1551360850642566,44:36,Fils de l'homme,@Felix Muyoba stop race baiting
1551360856936885,44:43,Peet Venter,"Is it perhaps not a cultural thing not to confront an ""elder""?"
1551360880046445,45:05,Fils de l'homme,@Robert Russell VOTE for THE FREEDOM of TRANSVAAL
1551360919950802,45:45,Quintin Jacobs,Siphi had sour grapes??
1551360920731585,45:46,MIKE DURBAN,Man.......IF...I was an ANC member etc....I would be deeply ashamed.....and distance/leave the party......reckon that's the right thing to do......
1551360933210711,45:59,Richardt Human,No wonder he was dumped
1551360941466656,46:07,Robert Russell,"Just asking cause we used to play rugby against Capricorn,,,, Settlers Agricultural High School"
1551360946048460,46:11,Quintin Jacobs,Silili was there??
1551360947735641,46:13,Makho Theo,Oh! Signing in...
1551360957736508,46:23,Myka'Al Daud,"Cowards r not worthy to govern,they must be voted out"
1551360962241411,46:28,Dominic Przybylski,Most cabinet ministers know very little about their portfolios so many looking for a Guptarish person to make decisions for them.
1551360969033584,46:34,Ewald Kruger,"Correct. Entrenched and very backward @Peet Venter​ Is it perhaps not a cultural thing not to confront an ""elder""?"
1551360970621208,46:36,Felix Muyoba,guys the real stories are coming up now
1551360986090465,46:51,Makho Theo,Sir baya Gubuta GupGupTa!!!
1551361000330165,47:05,M T,Lala
1551361004514816,47:10,Felix Muyoba,nyanda refused to tow the line
1551361004934493,47:11,Makho Theo,Tu!
1551361030503599,47:35,MIKE DURBAN,GuguDudu...heheh
1551361045428322,47:51,Eslon Eslon,"@Felix, why did he refuse?"
1551361045596239,47:51,Victor Muthundinne,Living the party is not a solution. Better the devil you know
1551361051472650,47:57,Makho Theo,Soldier Boy
1551361059296514,48:04,M T,Bwah ha 🤡
1551361065066027,48:10,Myka'Al Daud,"Everyone u meet of anc,they knew abt state capture n did nothing.Charges were laid against the accused and they protected them"
1551361071050779,48:17,Makho Theo,🎤rawChips
1551361072127377,48:18,Felix Muyoba,integrity perhaps @Eslon Eslon
1551361130306352,49:16,Sofia Sofia,So all the non corrupt were dismissed and the snakes wer employed
1551361140014016,49:26,Makho Theo,Duduzane will be forced to present himself on his own behalf: 💭 #on3 #Zamdela
1551361143417184,49:29,Dominic Przybylski,They did nothing because they don't understand ethics and integrity. Very unfortunate for the rest of the country.
1551361144197802,49:30,Felix Muyoba,just served for 18 months! poor him!
1551361166604221,49:52,Paul Mufhadi,The ANC cadres knew exactly was going on that is why they did not bother to ask Zuma why is this happening.
1551361184155208,50:10,Makho Theo,Sahara took More Money than Bosasa
1551361200631643,50:26,Felix Muyoba,@Sofia Sofia true..if you dont tow the line you bite the dust of unemployment
1551361221118634,50:47,Richardt Human,A former minister???? - can't believe that.
1551361231647789,50:57,makhosi nobhatyi,More will come after this pa
1551361234708461,51:00,Sofia Sofia,@Felix Muyoba what a sad shame !
1551361238563298,51:04,Malopo Rathobela,"@Makho Theo , how much"
1551361244890321,51:10,Sibangani Dube,Zuma must be in jail
1551361250835943,51:16,Felix Muyoba,@Sofia Sofia yeah
1551361266258129,51:32,Lwandile Radebe,"we wanna know who were those pp who told you that guptas wanted to see you, I think its important to know them, its very"
1551361285755975,51:51,Paul Mufhadi,so the country was run from the Gupter compound.
1551361290810217,51:56,Sofia Sofia,WHT NOT just tell us !
1551361295601430,52:01,Sthakathi Khumalo,"You will speak bafo, we know these ones like you"
1551361306900651,52:12,Felix Muyoba,@Paul Mufhadi imagine!!
1551361314639844,52:20,Sofia Sofia,the reason for this capture is to know the makes ...RIGHT ?
1551361330455025,52:35,makhosi nobhatyi,Nowonder what Zuma says now he directed implicated now
1551361331722741,52:37,Makho Theo,Facebook 2009 to 2019 February By
1551361332633433,52:38,Sthakathi Khumalo,"This one will speak comrades, he must relax.. Zondo is waiting patiently on him"
1551361335063554,52:40,Huntley Cronje,Out with the names - say it - purge
1551361336756554,52:42,Makho Theo,Makho Theo
1551361337255537,52:43,M T,Minister of Communications? 🤦🏼‍♀️🤦🏼‍♀️🤦🏼‍♀️
1551361349353025,52:55,Fils de l'homme,@John James how can we help the Bantu govern better?
1551361353772939,52:59,Paul Mufhadi,The ANC leaders are shameless.
1551361366756051,53:13,Eslon Eslon,Jacob Zuma destroyed so many people's both political and academic careers bcos of his greediness
1551361376558711,53:22,fuzile dazana,mr nyanda u are closing the rank whr is the truth here in this s.c
1551361385804064,53:31,Peet Venter,"@Myka'al Daud, is it perhaps not African culture not to confront a wrongdoer face to face in contrast to western culture where the wrongdoer will be called out without fear for reprisal?"
1551361394690341,53:40,Sofia Sofia,@Felix Muyoba this is sick
1551361402617758,53:48,Ewald Kruger,😀 😀 😀 same thought here @Moira T ​Minister of Communications?
1551361422319799,54:08,fuzile dazana,mafias
1551361427254874,54:13,Lwandile Radebe,"now imthis is what we were waiting for all along, to hear those who were sent by guptas, hehehe sizozwa. this man must just talk it out already, he must wast time"
1551361458028646,54:44,Sofia Sofia,vuvuzela it our Sir !
1551361471169728,54:56,Sofia Sofia,*out
1551361478481836,55:04,Sibangani Dube,Will Mbalula step down
1551361481849891,55:08,Felix Muyoba,let us pray for mbalula to come to the commission please
1551361510756160,55:36,Sofia Sofia,All these vuvuzelas are bought from China city !
1551361515699841,55:41,Malopo Rathobela,"@Sibangani Dube , step down from where ?😂😂😂😂😂"
1551361520839696,55:47,Thabang M,will those implicated canp8
1551361526821455,55:53,makhosi nobhatyi,Mbalula promise that he is coming
1551361542871233,56:08,Felix Muyoba,@John James first he should come to the commission and tell us everything and then he can GO!
1551361574357469,56:40,Bongani Dube,yeeee bafethuu linjani...From Zimbabwe Ziiiiii... Mbalula ngangimhlonipha uyaz
1551361576021474,56:41,Lwandile Radebe,@Sibangani Dube from what konje??? 🤣🤣🤣🤣🤣 hay wena
1551361581051485,56:46,Quintin Jacobs,top 6 must all fall on their sword AND NOT Msholozi if this is true from cde Sip
1551361641636088,57:48,Thabang M,Will those ANC members implicated in this commission campaign for ANC in this coming elections?
1551361666684952,58:12,Quintin Jacobs,no jail ......... sequestrate them all their monies including state pensions
1551361667767133,58:13,Sofia Sofia,What I don't understand is that they are not scared to implicate ZUMA but scared to mention other names ? So who really are the backbones ?
1551361672675046,58:18,Paul Mufhadi,Zuma was not confronted about this cause it is ubaba finish en klaar
1551361684059312,58:30,Makho Theo,@Thabang Fact ? That’s thee issue
1551361685603160,58:31,Quintin Jacobs,John including Silili'
1551361698897517,58:44,Minah Makota,I'm curious what will Mbulula say. Why didn't he reject the appointment when the president announced it. It raises eyebrows
1551361722421156,59:08,Felix Muyoba,@Minah Makota agree
1551361729796366,59:15,makhosi nobhatyi,"@John James he will come, we want him to account here, last Anc election was Zuma faction clearly shows he was caught by old man"
1551361777434281,1:00:03,Nkopane Mofokeng,the is some sense in the ANC
1551361790637536,1:00:16,makhosi nobhatyi,Maleka must grill Mbalula
1551361804060507,1:00:30,Dominic Przybylski,President didn't have a clue about running a country. That is the fault of the people who decided to make him president and the fault of the people who voted for a party who chose him as their leader
1551361810621178,1:00:36,Felix Muyoba,@makhosi nobhatyi i agree
1551361810987562,1:00:37,Quintin Jacobs,ubaba is a great strategist
1551361814225784,1:00:40,Eslon Eslon,Zuma had arms deal case hanging before becoming anc president but the ANC fools ignored Thambo Mbeki warning and went ahead to elect president
1551361834014262,1:00:59,M T,John - where do you reside now? Not still in SA?
1551361842014445,1:01:07,Willie Makena,This guys are cage. they are afraid to tell commission abt the enabler. cowards
1551361907882482,1:02:13,M T,Psy - they want them to remain uneducated - none so blind.
1551361921306556,1:02:27,Quintin Jacobs,One tweet from ubaba and askaris gonna sing like canaries
1551361958318437,1:03:04,Makho Theo,Zondo English lacks content
1551361969775514,1:03:15,MIKE DURBAN,@Yose......Bra...the truth is plain to see....nothing to do with race etc
1551361993981628,1:03:40,Makho Theo,Out of context of a inquiry
1551362031199046,1:04:17,rulph ngobeni,Mbaks is a Clown
1551362055276823,1:04:41,Frank Kgwedi,I think if there was enough time the whole NEC must come to Zondo commission
1551362068457507,1:04:54,makhosi nobhatyi,I love Ramaphosa don’t change his stance to fight corruption and state capture he continued further to establish Siu tribunal look Money we lost and authorities must act put criminals behind bars
1551362074794659,1:05:00,Felix Muyoba,@Frank Kgwedi agree
1551362130122293,1:05:55,Fickson Makhense,Chief of ANC campain is corrupt<
1551362135840872,1:06:01,Eslon Eslon,"Malema supported the illiterate Zuma bcos he was a grassroots leader from Nkandla, Little did he knew he was giving SA a bigger problem"
1551362139402896,1:06:05,Nkopane Mofokeng,individual and collective enabler of corruption ANC
1551362163994141,1:06:29,Paul Mufhadi,They knew all these and they chose to keep quiet yet the country was being sold. Now the country must give them chance? I do not think so.
1551362191882815,1:06:57,Dominic Przybylski,I'm waiting to see if anybody gets to be held accountable under Ramaphosa. He was 2nd in command during Zuma's reign. He has a lot to account for. Why did he look the other way?
1551362214089750,1:07:19,Thami Mak'nyiwe Mhlanga,"Its clear we have cows in that NEC - they are loafers, left overs and mind you all ANC members give such people power to take over the country. No wonder frozen chickens, cigars and booze."
1551362229166087,1:07:35,Fickson Makhense,"Malema told the Parlianmnt long ago ,Mbalula was appointent by the Gupta's as Minister of Spor."
1551362241175384,1:07:46,Reabetswe Modisane,very much true
1551362262783086,1:08:09,fellicien pombi,Zuma couldn't draff a agenda for the cabinet ministerial
1551362271153392,1:08:17,MIKE DURBAN,When things don't go right with the ANC/EFF...the Race Card Always gets played...Ne...
1551362320360780,1:09:06,MIKE DURBAN,@John...heheh....spot on
1551362335162338,1:09:21,Fils de l'homme,@Felix Muyoba a bantu told m that they want t chane s.a to azania
1551362370852783,1:09:57,fellicien pombi,just think how to get money for a population of wives n girlfriends
1551362406447842,1:10:32,Dominic Przybylski,The abuse of government in South Africa means that government has become an abuser of the citizens.
1551362441961651,1:11:08,Dominic Przybylski,We need to find a new way to govern ourselves.
1551362455535988,1:11:21,makhosi nobhatyi,This started during 2009
1551362460252186,1:11:26,Felix Muyoba,@Fils de l'homme i support that name
1551362473393543,1:11:39,Eslon Eslon,"@Paul, Mbeki foresee bigger problems should ANC go with Zuma as president but they didn't listen instead they embarass him with the impeachment"
1551362482481964,1:11:48,Fils de l'homme,@Felix Muyoba it is Caucasian name
1551362499644068,1:12:05,Myka'Al Daud,"Shocked as usual,the shocked party"
1551362518648321,1:12:24,Makho Theo,"this thing , Off Zuma lol"
1551362549645660,1:12:55,Ewald Kruger,"😀 😀 ❤ @Myka'Al Daud​ Shocked as usual, the shocked party"
1551362554846049,1:13:00,Thulani Bukani,Who is this guy?
1551362563128674,1:13:09,Sipho Lawrence Mkhatshwa,General... General ...
1551362620290425,1:14:06,fellicien pombi,"that why the President need to be voted directly by the citizens n no by the mps, bcs mps most of them re corrupted"
1551362625972798,1:14:11,Felix Muyoba,eish
1551362695340378,1:15:20,Dominic Przybylski,We need to forget about race. It's used as an excuse but never as a reason.
1551362698668348,1:15:24,Paul Mufhadi,"so what is the NEC for if they do not hold each other accountable for the things they do or say, obviously they knew."
1551362702854201,1:15:28,Fils de l'homme,@Felix Muyoba yes eish
1551362731340488,1:15:57,Felix Muyoba,@Fils de l'homme redeployment
1551362737208191,1:16:02,michael mbatha,He mumbled something about the SABC hahaha
1551362740787409,1:16:06,Opo Opo,Yose stop botting this is not mmo game
1551362744389429,1:16:10,Dominic Przybylski,NEC is same as AU - club for abusers.
1551362748160905,1:16:14,makhosi nobhatyi,Please Nyanda don’t fear implicate people
1551362761407466,1:16:26,Makho Theo,📻📺🛰🎤🔊🤣🎶🧐
1551362797454593,1:17:03,Sofia Sofia,Hahaha - Amnesia
1551362799629453,1:17:05,Sofia Sofia,SHEM
1551362833287808,1:17:39,Sofia Sofia,there is no point off this capture if they withhold crucial info !
1551362898366071,1:18:44,Sofia Sofia,what was the Answer ???? even if u dint understand .. tell us we will help you understand !
1551362914430181,1:19:00,Dominic Przybylski,If it was not the true reason then he must have heard more than a mumble.
1551362918357023,1:19:04,Sofia Sofia,Mr Coms !
1551362995522448,1:20:21,Opo Opo,tribal waaar yeeey
1551363000323574,1:20:25,Yvonne Morudu,only 18 months is that portfolio one could see you could stay bcz you are not a thug my comrade leader.. bravo sphiwe
1551363033763022,1:20:59,Indoda Yamaqiniso,This is a man who killed his own blood brother.
1551363041351789,1:21:06,Dominic Przybylski,This man doesn't remember any specifics. Indication of somebody who didn't have a handle on his job.
1551363043765133,1:21:09,Nkopane Mofokeng,when illitirates runs the country where are doomed to fail.. my general
1551363089136504,1:21:55,Dominic Przybylski,What were the changes that he made. One example please.
1551363099176876,1:22:04,makhosi nobhatyi,"People who doesn’t want Ramaphosa is the one whom enjoy watching our money go to a drain, Ramaphosa is trying to fix his administration and government policy and stabilize entities"
1551363111325027,1:22:16,Sofia Sofia,Take him CCMA Mr Coms !
1551363112097230,1:22:17,Yvonne Morudu,bravo my comrade leader the country will remember you... you serve the country well
1551363119423998,1:22:24,Richardt Human,Sommer net ge-fire.
1551363143627688,1:22:49,Quintin Jacobs,Silili signed off on IPP's
1551363172475574,1:23:18,Makho Theo,This guy sounds responsible for the Ful @sabc
1551363176356276,1:23:22,Sofia Sofia,HOW TELL. MAAAAAN
1551363185926130,1:23:31,Sofia Sofia,Thanks Chair
1551363264343543,1:24:50,Sthakathi Khumalo,This comrade is just here to lie and not help us!! Cant we give him that drug Zitha on generations gave Jack Mabaso??
1551363276483886,1:25:02,Myka'Al Daud,"R they smoking nyaope @ nec meetings,no accountability at all"
1551363276505587,1:25:02,makhosi nobhatyi,Buyelekhaya the majesty’s king of Abathembu once said you Zuma small boy you change your cabinet as if you are changing condoms 🤔 I assumed that he noticed something
1551363306204931,1:25:31,Makho Theo,But you knew the importance of those entities
1551363458274270,1:28:04,Dominic Przybylski,Yose Human blocked.
1551363464693455,1:28:10,Makho Theo,He sounds self incrimination
1551363536142158,1:29:22,Richardt Human,He hasn't got an idea of what is going on around him.
1551363570622154,1:29:56,michael mbatha,General Nyanda looks poor.
1551363577794129,1:30:03,Makho Theo,U’mMemo
1551363582473173,1:30:08,John Fagan,It serves no Purpose to insult one another..
1551363594131365,1:30:20,Opo Opo,"you not writing, you copy pasting,"
1551363598830921,1:30:24,michael mbatha,"Compared to his other colleagues, former cabinet ministers"
1551363619249144,1:30:44,Opo Opo,"in another words, you are bot in the this chat"
1551363636123927,1:31:01,Eslon Eslon,Zuma crippled everything including his own party the ANC
1551363649443353,1:31:15,makhosi nobhatyi,But I feel it now already mr Ramaphosa has a lot on his shoulders and I don’t blame him when doesn’t give dd Mabuza more duty when it comes to the issues involved state capture
1551363746980686,1:32:52,Makho Theo,This is an inquiry not an NEC meeting 📖
1551363824251986,1:34:10,Eslon Eslon,"@Makhosi, Cyril should focus on state affairs and allow dd Mabuza to deal with party matters"
1551363891514016,1:35:17,David Moloi,well said james
1551364022294115,1:37:27,makhosi nobhatyi,"Elson elson dd Mabuza you can’t trust him he supported Zuma, and he has dark clouds hanging on his head back when he was Premier, he was served with interdicts by businessmen which is worried me"
1551364068889448,1:38:14,Makho Theo,More loadShareding
1551364095639202,1:38:41,Makho Theo,Econom Grow
1551364110514046,1:38:56,Sofia Sofia,Yes @Makho Theo Thursday promises Loadshedding
1551364149145450,1:39:34,David Moloi,this yose is obsessed with tribalism
1551364156847902,1:39:43,makhosi nobhatyi,"Did, Ace, mahumapelo, zikalala were thinking they have plans for Ramaphosa to kick him out b4 elections or after which seems won’t work"
1551364203622748,1:40:29,Sofia Sofia,Eskom announces 'high risk' of Stage 1 load shedding for Thursday
1551364205502543,1:40:31,Makho Theo,Oh!Oh!
1551364226763268,1:40:52,makhosi nobhatyi,We want Gordhan and Trevor Manuel for presidency please comrade
1551364250714571,1:41:16,Frik Brits,"@Sofia Sofia, what about tomorrow, Friday ??"
1551364436213951,1:44:22,Makho Theo,Shaicknis equivalent to Gupta bra!
1551364445179119,1:44:31,David Moloi,yose.. u are nuisance
1551364476610962,1:45:02,Eslon Eslon,"@Makhosi, don't you think he will better handle the factions battle within the ANC? Bcos it seems like nec doesn't support Ramaphosa to unite the party."
1551364478441446,1:45:04,Makho Theo,Joke.... soon
1551364486086986,1:45:11,Frik Brits,"@Yose Human , you sound like Fils ............... like a record stuck in the same groove."
1551364491897947,1:45:18,Wildthing,block Yose it is D Zuma
1551364597533768,1:47:03,Opo Opo,"The boy is lost, what can i say lol"
1551364690096928,1:48:35,makhosi nobhatyi,"Elson elson I agreed with you brother snake secretary big snake as ANC I think we have been wrong by choosing old man, I trust commission will call him too account about stina diary implicated"
1551364692727965,1:48:38,Frik Brits,"@John James , ya that will surely help, just like a windows machine 😃"
1551364700964381,1:48:47,Makho Theo,Leaks for @myanc means we Got drunk 😵 and don’t really know what happened after😤
1551364746300493,1:49:32,Huntley Cronje,"Yose Human - the problem is, too many in the ANC sat and accepted the corruption for way too many years. How many votes of NO confidence was in the parliament against ZUMA - no ANC supported it!"
1551364770169363,1:49:55,Huntley Cronje,"I personally trust Ramaphose is on the right path, but it is 10 years too late!!!"
1551364814041634,1:50:40,Robert Russell,he was part on the 10 years.... go figure it out
1551364823402977,1:50:48,Opo Opo,way to late
1551364833455737,1:50:59,Huntley Cronje,Yeah John - suppose I just wanted to say it ... and now let it be.
1551364844159016,1:51:09,Kirk gemmell,SABC ? Haloudi ? Spelling
1551364876997921,1:51:42,Mzalwane Mzala,So it is not true that everyone in the ANC sat quietly through state capture
1551364926824354,1:52:33,Mzalwane Mzala,Former commanders of MK raised concerns
1551364942842623,1:52:48,Eslon Eslon,"@Makhosi, Magashule and Supra are indirectly working with the eff to undermine and unseat Ramaphosa"
1551364944666478,1:52:50,fuzile dazana,mob Justice nyanda
1551364945002964,1:52:50,Huntley Cronje,"Yose, if they supported it - why was the motion never carried?! No boet, I am sorry - they all sat and wallowed in the corruption, driving fancy cars & living off the gravy train. I do like Ramaphosa"
1551364963728592,1:53:09,Kirk gemmell,Mzalwane - why do you have the picture of the BFLF
1551364976023924,1:53:21,Makho Theo,Back2School
1551365017545330,1:54:02,Kirk gemmell,Oh my apologies redacted
1551365030506642,1:54:16,Mzalwane Mzala,"@Kirk gemmell Please do not expose your ignorance. This is a picture of Steve Biko, a leader of our people. He never was a member of BLF."
1551365067591169,1:54:52,Kirk gemmell,That explains his measured replies that I could not understand
1551365097256549,1:55:22,Mzalwane Mzala,Apology accepted.
1551365108533397,1:55:34,Kirk gemmell,It’s a very small pic guys easy to make error
1551365119888896,1:55:45,Nkopane Mofokeng,ANC people where watching Zuma messing this land...
1551365147985390,1:56:13,Mzalwane Mzala,"On a lighter note @Kirk gemmell, does he really look like Mngxitama?"
1551365168540844,1:56:33,fuzile dazana,uzondo unempandla ngoku its hot here
1551365176001536,1:56:42,Kirk gemmell,"Yes it did to me , so sorry"
1551365201060481,1:57:06,Mzalwane Mzala,😁😁😁
1551365213062586,1:57:19,fuzile dazana,mr zondo is losing his hair now its hot in this commission
1551365214553696,1:57:20,Kirk gemmell,It’s so cropped I can’t open the whole pic
1551365232271440,1:57:37,Mzalwane Mzala,Understood @Kirk gemmell
1551365252421906,1:57:58,Eslon Eslon,"@Nkopane, they were not only watching but playing with"
1551365303190741,1:58:49,Mzalwane Mzala,@Nkopane Mofokeng Former MK commanders raised issues
1551365315656894,1:59:01,Mzalwane Mzala,They called on the president to resign
1551365421431213,2:00:47,Ndou Fhati,ANC is now cleaning da corrupt people wil reccuse themselves if they were in corruption during nkandla era
1551365421787516,2:00:47,Richardt Human,Who was the delegation who met with JZ?
1551365488626676,2:01:54,LEMO LEKOBE,at least the generals tried
1551365494805317,2:02:00,Mzalwane Mzala,@Planeless Pilot Former MK commanders
1551365512134150,2:02:17,Huntley Cronje,"AND ALL the ANC voters kept voting ... even if they saw what was going on - and that is the problem with voters, blind faith. Service delivery protests everywhere, but keep voting for the fools"
1551365575095645,2:03:21,Ndou Fhati,I'm willing 2 c corrupt people suffering as I'm udm supporter
1551365630794767,2:04:16,Opo Opo,Can you imagine all of them to prison... Parliament will be empty @.@
1551365647867586,2:04:33,Bridgette Kekana,l m Anc mem all corrupt ppl must face the music
1551365688913965,2:05:14,M T,"Eish - I was “trying” to work - What’s happened, please? 🤦🏼‍♀️"
1551365706234657,2:05:32,Mzalwane Mzala,"So the call for a commission emanated from within the ANC itself, even before the public protector report."
1551365706423385,2:05:32,Huntley Cronje,"Yes, and we really do HOPE that justice will be served. But it is the BILLIONS lost (did they calculate 1 Trillion?!) that has set this country back decades. 😞 Makes me want to cry."
1551365711823509,2:05:37,Bridgette Kekana,SA is collapsed becos of them
1551365717019074,2:05:42,Eslon Eslon,"cope, udm, eff all came out of the ANC bcos of JZ behavior. country lost billions bcos of these one person. key SOE's were crippled in his term. what a disgrace leader he was really"
1551365746291973,2:06:11,Ndou Fhati,if we tlk abt service delivery no party wil do that without pocketed themselves
1551365759393496,2:06:25,Opo Opo,+1 John
1551365761628351,2:06:27,Mzalwane Mzala,@Eslon Eslon Fact: UDM formation had nothing to do with JZ
1551365769442923,2:06:34,M T,"John - agree - Has Squirrel been mentioned, at all?"
1551365778522073,2:06:44,Huntley Cronje,"hahahaha - well said John James, reminds me of the Zapiro cartoon a few weeks ago during Agrizzi statement."
1551365796482638,2:07:02,Bridgette Kekana,no free education but free flow money
1551365828294364,2:07:33,Mzalwane Mzala,Renewal
1551365861563260,2:08:07,M T,Parliament is an embarrassing disgrace - NEC must go - The “Prison Building” must be cleared to make space!
1551365913126174,2:08:58,M T,"John, it’s still going to come - hopefully very soon -"
1551365925796902,2:09:11,Bridgette Kekana,orange overrolls are waiting for them exchange for their expensive suits
1551365953980189,2:09:40,M T,I don’t see “Erections” taking place on 8th May!
1551365971258043,2:09:56,Wildthing,take EFF overalls and bleach them and they ready
1551365974232753,2:09:59,M T,Yeah
1551365983444245,2:10:09,Mzalwane Mzala,People who have no contact with the majority will have no effect on who becomes government after 8 May 2019
1551365986767058,2:10:12,M T,Michael 🤣🤣👍🏻👏🏻
1551365998498046,2:10:24,Yvonne Morudu,Moira don't worry things are going to be okay all the crooks are going to jail watch the space
1551366006567234,2:10:32,Frik Brits,"@Moira T , HUH"
1551366041822264,2:11:07,Eslon Eslon,"Mzalwane, how did the UDM formation came about?"
1551366043136675,2:11:09,Opo Opo,"Last time i watched the space, lights went off lol"
1551366067969502,2:11:33,Bridgette Kekana,@ Moira elections or erections
1551366084378896,2:11:49,M T,"We live in hope! EksDom, for one, wouldn’t belong to China - had this flipping looting taken place! 👿😭"
1551366088812271,2:11:54,Mzalwane Mzala,@Eslon Eslon It came about after the expulsion of Bantu Holomisa in the 90s
1551366105316772,2:12:10,Yvonne Morudu,James we need stability.. my appeal to you white south Africans even if you don't like ANC let's all vote Cyril to give him mandate
1551366199379396,2:13:44,M T,I will NEVER vote for Cyril - EVER! Billionaire in a matter of a decade - and certainly not due to business acumen 🤮
1551366200314567,2:13:45,Huntley Cronje,"Yvonne Morudu - I really like Cyril, but the problem, when you vote ANC, the top 6 can still throw out who you thought you were voting for, and the NEC is corrupt."
1551366209951619,2:13:56,Sipho Lawrence Mkhatshwa,Well done Former Director General of a Special Type- Chief of the SANDF
1551366214630193,2:14:00,Huntley Cronje,Or at least - members of the NEC
1551366216885229,2:14:02,Yvonne Morudu,EFF will spirit our country no ways that is disaster
1551366223170611,2:14:09,Wildthing,EFF is baby ANC waiting to lick there lips. they will do worse than ANC. vote FF
1551366228319502,2:14:13,Bridgette Kekana,CR was part of 9 wasted yrs
1551366240650280,2:14:26,Dominic Przybylski,Cyril is suspect.
1551366251578853,2:14:38,Yvonne Morudu,let's safe the country please guys let's vote Cyril
1551366268108594,2:14:53,M T,NEC must ALL be kitted in Orange - why do you think they’ve stuck together?
1551366275190857,2:15:00,Huntley Cronje,At least Cyril has started down the right path - even if it might mean he could be implicated
1551366279897970,2:15:05,Wildthing,ANC pockets too full time to go
